0
-1.25296
-2.49341
-3.70894
-4.88741
-6.01705
-7.08657
-8.08528
-9.0032
-9.83117
-10.5609
-11.1851
-11.6976
-12.0932
-12.3679
-12.5191
-12.5452
-12.4459
-12.2223
-11.8766
-11.4122
-10.8338
-10.1471
-9.35902
-8.47745
-7.51117
-6.46985
-5.36387
-4.20431
-3.00274
-1.77116
-0.521892
0.732594
1.97976
3.20715
4.40249
5.55384
6.6497
7.67912
8.63181
9.49825
10.2698
10.9387
11.4984
11.9431
12.2685
12.4714
12.5496
12.5024
12.3303
12.035
11.6195
11.0879
10.4454
9.69865
8.85495
7.92278
6.91145
5.83106
4.69241
3.50688
2.2863
1.04288
-0.210958
-1.46269
-2.69981
-3.90995
-5.08102
-6.20133
-7.25967
-8.24548
-9.1489
-9.96091
-10.6734
-11.2792
-11.7724
-12.1479
-12.402
-12.5323
-12.5373
-12.417
-12.1727
-11.8067
-11.3228
-10.7257
-10.0215
-9.21714
-8.32069
-7.3411
-6.28816
-5.17239
-4.00495
-2.79748
-1.56207
-0.311043
0.943088
2.1878
3.41064
4.59941
5.74223
6.82767
7.84489
8.78373
9.6348
10.3896
11.0406
11.5813
12.0062
12.3113
12.4932
12.5504
12.4822
12.2892
11.9735
11.5381
10.9875
10.327
9.56338
8.7042
7.75805
6.73438
5.64343
4.49609
3.30382
2.07855
0.832505
-0.421856
-1.672
-2.90544
-4.10985
-5.2732
-6.38386
-7.43073
-8.40335
-9.29202
-10.0878
-10.7829
-11.3702
-11.8438
-12.1992
-12.4326
-12.5419
-12.5258
-12.3845
-12.1196
-11.7335
-11.2302
-10.6147
-9.89308
-9.07265
-8.16158
-7.16895
-6.1047
-4.97945
-3.80445
-2.59143
-1.35253
-0.100106
1.15332
2.39521
3.61318
4.79504
5.929
7.00371
8.00845
8.93316
9.76862
10.5065
11.1394
11.6609
12.066
12.3505
12.5116
12.5477
12.4584
12.2447
11.9086
11.4535
10.8839
10.2057
9.42541
8.55099
7.59112
6.55541
5.4542
4.29849
3.09984
1.87021
0.621894
-0.632635
-1.88084
-3.11026
-4.3086
-5.46388
-6.56458
-7.59968
-8.55885
-9.43251
-10.2119
-10.8893
-11.4579
-11.9119
-12.247
-12.4597
-12.5479
-12.5108
-12.3486
-12.063
-11.6569
-11.1344
-10.5006
-9.76186
-8.9256
-8.00016
-6.99478
-5.91952
-4.7851
-3.60288
-2.38466
-1.14261
0.110859
1.36322
2.60195
3.81469
4.98932
6.11409
7.17777
8.16974
9.08007
9.89969
10.6204
11.235
11.7373
12.1223
12.3863
12.5264
12.5414
12.4311
12.1966
11.8403
11.3656
10.7774
10.0814
9.28478
8.39536
7.42205
6.37459
5.26343
4.09969
2.89498
1.66134
0.411108
-0.843234
-2.08915
-3.31419
-4.50612
-5.65303
-6.74345
-7.76649
-8.71193
-9.57033
-10.3331
-10.9926
-11.5423
-11.9767
-12.2914
-12.4833
-12.5504
-12.4922
-12.3091
-12.0031
-11.5771
-11.0355
-10.3836
-9.62789
-8.77603
-7.83648
-6.81863
-5.73266
-4.5894
-3.40029
-2.1772
-0.932363
0.321793
1.57273
2.80796
4.01513
5.18218
6.29746
7.34981
8.32872
9.22442
10.028
10.7313
11.3274
11.8103
12.1753
12.4185
12.5377
12.5316
12.4004
12.1452
11.7686
11.2745
10.6677
9.95435
9.14152
8.23736
7.25089
6.19197
5.07118
3.89972
2.6893
1.45201
0.200205
-1.0536
-2.29687
-3.51719
-4.70237
-5.84057
-6.92041
-7.93111
-8.86255
-9.70545
-10.4514
-11.0929
-11.6235
-12.0381
-12.3323
-12.5033
-12.5494
-12.4701
-12.2662
-11.9398
-11.494
-10.9334
-10.2636
-9.4912
-8.62398
-7.67059
-6.64056
-5.54418
-4.3924
-3.19674
-1.96914
-0.721856
0.532635
1.78181
3.01317
4.21443
5.37358
6.47904
7.51977
8.48536
9.36616
10.1534
10.8392
11.4166
11.88
12.2247
12.4473
12.5455
12.5183
12.3661
12.0903
11.6937
11.1802
10.5551
9.82446
8.99569
8.07703
7.07767
6.00759
4.87749
3.69865
2.48286
1.24226
-0.0107539
-1.26366
-2.50394
-3.7192
-4.8973
-6.02647
-7.09542
-8.09348
-9.01067
-9.83783
-10.5667
-11.19
-11.7015
-12.096
-12.3697
-12.5198
-12.5448
-12.4445
-12.2198
-11.8731
-11.4077
-10.8283
-10.1407
-9.35183
-8.46949
-7.50253
-6.46061
-5.35414
-4.19417
-2.99229
-1.76051
-0.511146
0.743327
1.99037
3.21753
4.41254
5.56346
6.6588
7.6876
8.63959
9.50525
10.2759
10.944
11.5026
11.9464
12.2708
12.4725
12.5497
12.5014
12.3283
12.0319
11.6154
11.0828
10.4394
9.69179
8.84731
7.91442
6.90245
5.82152
4.68242
3.49654
2.27572
1.03216
-0.22171
-1.47337
-2.7103
-3.92015
-5.09084
-6.21066
-7.26842
-8.25356
-9.15624
-9.96743
-10.679
-11.2839
-11.7761
-12.1506
-12.4036
-12.5328
-12.5367
-12.4154
-12.17
-11.803
-11.3181
-10.7201
-10.015
-9.20981
-8.31261
-7.33236
-6.27884
-5.16258
-3.99474
-2.78699
-1.55139
-0.300291
0.953809
2.19838
3.42098
4.60941
5.75177
6.83667
7.85326
8.79138
9.64166
10.3956
11.0457
11.5854
12.0093
12.3133
12.4942
12.5503
12.481
12.287
11.9702
11.5338
10.9822
10.3209
9.55639
8.69643
7.74957
6.72529
5.63381
4.48603
3.29344
2.06794
0.821772
-0.432603
-1.68266
-2.9159
-4.12
-5.28294
-6.39309
-7.43937
-8.41132
-9.29922
-10.0942
-10.7883
-11.3747
-11.8474
-12.2017
-12.4341
-12.5422
-12.5251
-12.3828
-12.1167
-11.7296
-11.2253
-10.6089
-9.88643
-9.0652
-8.15338
-7.16011
-6.09529
-4.96957
-3.79419
-2.5809
-1.34183
-0.0893519
1.16402
2.40576
3.62347
4.80497
5.93846
7.01261
8.0167
8.94069
9.77535
10.5123
11.1443
11.6649
12.0689
12.3524
12.5124
12.5474
12.4571
12.2423
11.9051
11.449
10.8786
10.1994
9.41828
8.54309
7.58254
6.54622
5.4445
4.28838
3.08941
1.85957
0.611152
-0.643373
-1.89147
-3.12067
-4.31868
-5.47355
-6.57373
-7.60822
-8.56669
-9.43957
-10.2181
-10.8946
-11.4622
-11.9153
-12.2493
-12.461
-12.5481
-12.5099
-12.3466
-12.06
-11.6529
-11.1294
-10.4947
-9.75508
-8.91802
-7.99185
-6.98583
-5.91001
-4.77515
-3.59257
-2.37409
-1.13189
0.121612
1.3739
2.61247
3.82493
4.99917
6.12346
7.18657
8.17788
9.08747
9.90627
10.6261
11.2397
11.7411
12.1251
12.388
12.5271
12.541
12.4296
12.1941
11.8367
11.361
10.7718
10.075
9.27752
8.38734
7.41336
6.36531
5.25365
4.08951
2.8845
1.65068
0.400358
-0.853962
-2.09975
-3.32456
-4.51615
-5.66261
-6.7525
-7.77492
-8.71965
-9.57726
-10.3392
-10.9978
-11.5465
-11.9799
-12.2935
-12.4844
-12.5504
-12.4911
-12.307
-11.9999
-11.5729
-11.0303
-10.3775
-9.62097
-8.76832
-7.82806
-6.80959
-5.72307
-4.57938
-3.38993
-2.16661
-0.921636
0.332542
1.5834
2.81843
4.02531
5.19196
6.30674
7.3585
8.33674
9.23169
10.0344
10.7368
11.332
11.8139
12.1778
12.4201
12.5382
12.531
12.3987
12.1424
11.7649
11.2697
10.662
9.94777
9.13413
8.22922
7.24209
6.18259
5.06133
3.88949
2.67879
1.44132
0.189452
-1.06431
-2.30743
-3.52751
-4.71233
-5.85007
-6.92936
-7.93942
-8.87014
-9.71224
-10.4573
-11.0979
-11.6276
-12.0411
-12.3343
-12.5042
-12.5492
-12.4689
-12.2639
-11.9364
-11.4897
-10.9281
-10.2574
-9.48414
-8.61614
-7.66206
-6.63142
-5.53452
-4.38232
-3.18633
-1.95851
-0.711118
0.543378
1.79244
3.0236
4.22455
5.38329
6.48823
7.52835
8.49325
9.37329
10.1597
10.8445
11.4211
11.8835
12.2271
12.4486
12.5457
12.5175
12.3642
12.0873
11.6897
11.1753
10.5492
9.81774
8.98816
8.06877
7.06877
5.99813
4.86757
3.68836
2.47231
1.23155
-0.0215078
-1.27435
-2.51447
-3.72946
-4.90719
-6.03588
-7.10427
-8.10167
-9.01813
-9.84448
-10.5725
-11.1948
-11.7053
-12.0988
-12.3715
-12.5205
-12.5445
-12.4431
-12.2174
-11.8696
-11.4032
-10.8228
-10.1344
-9.34463
-8.46153
-7.49389
-6.45137
-5.34439
-4.18402
-2.98183
-1.74986
-0.500399
0.75406
2.00099
3.22792
4.4226
5.57309
6.66789
7.69608
8.64736
9.51225
10.2821
10.9492
11.5069
11.9496
12.273
12.4737
12.5498
12.5004
12.3262
12.0289
11.6113
11.0777
10.4334
9.68493
8.83965
7.90605
6.89345
5.81198
4.67243
3.4862
2.26514
1.02144
-0.232461
-1.48404
-2.72079
-3.93036
-5.10065
-6.21998
-7.27717
-8.26164
-9.16357
-9.97393
-10.6846
-11.2886
-11.7798
-12.1532
-12.4052
-12.5333
-12.5362
-12.4138
-12.1673
-11.7993
-11.3134
-10.7145
-10.0085
-9.20248
-8.30453
-7.32361
-6.26951
-5.15276
-3.98454
-2.7765
-1.54071
-0.28954
0.964529
2.20896
3.43132
4.6194
5.76132
6.84567
7.86163
8.79903
9.64852
10.4016
11.0508
11.5895
12.0124
12.3154
12.4952
12.5502
12.4799
12.2848
11.967
11.5296
10.977
10.3147
9.54939
8.68865
7.74109
6.71619
5.62418
4.47598
3.28305
2.05732
0.811039
-0.443349
-1.69331
-2.92635
-4.13015
-5.29268
-6.40233
-7.44801
-8.41927
-9.30641
-10.1006
-10.7938
-11.3792
-11.8509
-12.2041
-12.4355
-12.5426
-12.5243
-12.381
-12.1139
-11.7258
-11.2205
-10.6031
-9.87978
-9.05773
-8.14518
-7.15125
-6.08587
-4.95968
-3.78393
-2.57037
-1.33114
-0.078598
1.17472
2.41631
3.63375
4.81489
5.94791
7.02151
8.02495
8.94821
9.78206
10.5182
11.1492
11.6688
12.0718
12.3542
12.5132
12.5472
12.4557
12.2399
11.9017
11.4446
10.8732
10.1931
9.41115
8.53519
7.57394
6.53703
5.43479
4.27826
3.07898
1.84893
0.600409
-0.654111
-1.90209
-3.13107
-4.32877
-5.48321
-6.58287
-7.61675
-8.57453
-9.44663
-10.2243
-10.8999
-11.4666
-11.9186
-12.2516
-12.4622
-12.5483
-12.509
-12.3447
-12.057
-11.6489
-11.1244
-10.4887
-9.74828
-8.91042
-7.98353
-6.97688
-5.90051
-4.76519
-3.58225
-2.36352
-1.12118
0.132366
1.38459
2.62298
3.83516
5.00902
6.13283
7.19537
8.18601
9.09486
9.91284
10.6318
11.2445
11.7448
12.1278
12.3897
12.5277
12.5405
12.4281
12.1915
11.8331
11.3564
10.7663
10.0686
9.27025
8.37931
7.40466
6.35602
5.24387
4.07933
2.87403
1.64001
0.389609
-0.864688
-2.11034
-3.33492
-4.52617
-5.67219
-6.76154
-7.78333
-8.72736
-9.58418
-10.3452
-11.0029
-11.5507
-11.983
-12.2957
-12.4854
-12.5504
-12.49
-12.3049
-11.9967
-11.5687
-11.0252
-10.3714
-9.61403
-8.7606
-7.81963
-6.80053
-5.71349
-4.56935
-3.37956
-2.15601
-0.910908
0.343291
1.59406
2.8289
4.03548
5.20174
6.31602
7.36719
8.34476
9.23894
10.0408
10.7424
11.3366
11.8175
12.1804
12.4216
12.5386
12.5304
12.397
12.1397
11.7611
11.265
10.6563
9.94119
9.12673
8.22107
7.23328
6.17322
5.05147
3.87925
2.66827
1.43063
0.178699
-1.07502
-2.318
-3.53782
-4.72228
-5.85957
-6.93831
-7.94772
-8.87772
-9.71902
-10.4632
-11.1029
-11.6316
-12.0441
-12.3362
-12.5051
-12.549
-12.4676
-12.2616
-11.9331
-11.4853
-10.9228
-10.2511
-9.47707
-8.6083
-7.65352
-6.62227
-5.52485
-4.37223
-3.17592
-1.94788
-0.700379
0.55412
1.80308
3.03403
4.23466
5.39298
6.49742
7.53694
8.50115
9.38041
10.166
10.8499
11.4255
11.8869
12.2295
12.45
12.546
12.5167
12.3623
12.0844
11.6858
11.1704
10.5434
9.81101
8.98063
8.06051
7.05986
5.98867
4.85764
3.67807
2.46176
1.22085
-0.0322616
-1.28505
-2.525
-3.73972
-4.91707
-6.04529
-7.11311
-8.10986
-9.02558
-9.85112
-10.5782
-11.1996
-11.7092
-12.1017
-12.3733
-12.5212
-12.5441
-12.4416
-12.2149
-11.866
-11.3986
-10.8173
-10.128
-9.33742
-8.45356
-7.48524
-6.44213
-5.33465
-4.17387
-2.97138
-1.73921
-0.489653
0.764792
2.0116
3.2383
4.43265
5.58271
6.67698
7.70455
8.65513
9.51924
10.2882
10.9544
11.5112
11.9529
12.2752
12.4748
12.5498
12.4994
12.3242
12.0257
11.6072
11.0726
10.4274
9.67806
8.83199
7.89767
6.88444
5.80243
4.66244
3.47586
2.25455
1.01072
-0.243213
-1.49471
-2.73128
-3.94056
-5.11046
-6.22931
-7.28591
-8.26971
-9.17089
-9.98043
-10.6903
-11.2933
-11.7834
-12.1559
-12.4068
-12.5339
-12.5356
-12.4122
-12.1647
-11.7956
-11.3087
-10.7088
-10.002
-9.19514
-8.29644
-7.31485
-6.26017
-5.14294
-3.97433
-2.766
-1.53004
-0.278788
0.975248
2.21954
3.44165
4.62938
5.77085
6.85466
7.86998
8.80667
9.65537
10.4076
11.0558
11.5936
12.0155
12.3174
12.4962
12.5501
12.4787
12.2825
11.9637
11.5253
10.9717
10.3086
9.54238
8.68086
7.7326
6.70708
5.61455
4.46592
3.27266
2.04671
0.800305
-0.454095
-1.70396
-2.93679
-4.14029
-5.30241
-6.41156
-7.45664
-8.42722
-9.3136
-10.1069
-10.7993
-11.3837
-11.8544
-12.2066
-12.4369
-12.5429
-12.5236
-12.3792
-12.111
-11.7219
-11.2156
-10.5973
-9.87312
-9.05026
-8.13698
-7.14239
-6.07644
-4.94978
-3.77366
-2.55984
-1.32044
-0.0678441
1.18543
2.42686
3.64404
4.8248
5.95737
7.0304
8.0332
8.95572
9.78877
10.524
11.1541
11.6727
12.0747
12.3561
12.514
12.5469
12.4544
12.2374
11.8982
11.4401
10.8678
10.1868
9.404
8.52728
7.56535
6.52783
5.42508
4.26814
3.06854
1.83829
0.589665
-0.664848
-1.91272
-3.14148
-4.33885
-5.49287
-6.592
-7.62527
-8.58235
-9.45368
-10.2306
-10.9052
-11.4709
-11.922
-12.2539
-12.4635
-12.5484
-12.5081
-12.3427
-12.054
-11.6449
-11.1194
-10.4828
-9.74148
-8.90282
-7.97521
-6.96792
-5.891
-4.75522
-3.57193
-2.35296
-1.11047
0.143118
1.39527
2.63349
3.84539
5.01887
6.1422
7.20416
8.19414
9.10225
9.91941
10.6375
11.2492
11.7486
12.1306
12.3913
12.5283
12.5401
12.4266
12.1889
11.8294
11.3518
10.7607
10.0621
9.26297
8.37128
7.39595
6.34673
5.23409
4.06915
2.86355
1.62935
0.378859
-0.875414
-2.12094
-3.34527
-4.53618
-5.68177
-6.77058
-7.79175
-8.73506
-9.5911
-10.3513
-11.0081
-11.5549
-11.9862
-12.2978
-12.4865
-12.5504
-12.489
-12.3027
-11.9935
-11.5645
-11.02
-10.3653
-9.60709
-8.75287
-7.8112
-6.79147
-5.70389
-4.55932
-3.3692
-2.14541
-0.90018
0.35404
1.60472
2.83937
4.04565
5.21151
6.32529
7.37588
8.35277
9.24619
10.0472
10.7479
11.3412
11.8211
12.1829
12.4231
12.539
12.5297
12.3952
12.1369
11.7573
11.2602
10.6506
9.93459
9.11932
8.21292
7.22447
6.16383
5.04161
3.86901
2.65776
1.41994
0.167945
-1.08573
-2.32856
-3.54812
-4.73223
-5.86906
-6.94725
-7.95602
-8.8853
-9.7258
-10.4691
-11.1078
-11.6356
-12.047
-12.3382
-12.506
-12.5488
-12.4663
-12.2593
-11.9297
-11.4809
-10.9175
-10.2449
-9.46999
-8.60045
-7.64497
-6.61311
-5.51518
-4.36213
-3.16551
-1.93725
-0.68964
0.564862
1.81372
3.04446
4.24477
5.40268
6.5066
7.54551
8.50903
9.38753
10.1722
10.8553
11.4299
11.8903
12.2319
12.4513
12.5462
12.5159
12.3604
12.0815
11.6818
11.1654
10.5375
9.80427
8.97309
8.05225
7.05095
5.9792
4.84771
3.66778
2.45121
1.21014
-0.0430153
-1.29574
-2.53552
-3.74997
-4.92695
-6.0547
-7.12195
-8.11804
-9.03303
-9.85775
-10.584
-11.2045
-11.713
-12.1045
-12.375
-12.5219
-12.5437
-12.4402
-12.2123
-11.8625
-11.3941
-10.8119
-10.1216
-9.33021
-8.44559
-7.47659
-6.43288
-5.3249
-4.16371
-2.96092
-1.72855
-0.478905
0.775524
2.0222
3.24868
4.4427
5.59232
6.68607
7.71301
8.66289
9.52622
10.2944
10.9596
11.5154
11.9561
12.2774
12.476
12.5499
12.4984
12.3221
12.0226
11.603
11.0675
10.4214
9.67119
8.82432
7.88929
6.87543
5.79288
4.65244
3.46552
2.24397
0.999998
